7063
4529
5178
8492
5879
8489
8410
7585
10735
8737
10055
11093
10526
632
11020
533
9078
12045
8600
1855
11861
3414
2772
1507
11785
6834
12070
3839
2515
8711
10005
214
1196
2943
9345
5661
6131
9142
6797
1312
6410
9922
895
2956
960
10547
9171
5064
7318
3062
11457
4575
8459
1245
10986
5203
10850
11198
3539
9895
4990
8099
1452
3388
7226
4707
5011
1142
2142
6336
7762
6411
9938
5032
9309
8992
11019
10239
5591
1708
1684
9747
3123
6584
8798
4085
11124
9244
3034
11960
10404
3326
2714
5081
3373
6804
887
4382
7214
3274
9648
7014
6305
9441
1005
10372
7855
5346
975
11675
6846
11111
10935
2508
9564
2034
4718
3606
6888
8746
5268
10304
9433
6793
240
10696
1798
3687
9190
916
6829
1359
11753
6100
2628
1336
8318
2936
1064
5942
8919
688
9754
3023
11182
4659
3143
11327
2339
11685
2606
2417
6996
10891
6463
764
10980
7575
7984
9391
10815
8559
4588
4952
332
6981
3015
3627
10756
4055
341
10347
969
3167
514
0
6725
595
4943
11069
8237
7148
9244
7634
4072
2643
11495
2809
9139
5426
6999
5876
7516
8264
4736
8783
8886
5749
4212
1095
10635
5386
6441
157
3103
11552
5583
10223
1798
11032
3170
11898
3069
4088
4359
3696
6455
32
3517
11887
7589
6175
8996
9179
6285
7872
9367
4006
1456
4798
11548
8146
10057
6990
5504
5675
3743
9587
3954
10136
3380
6594
5454
8396
9114
2848
5443
9020
10693
9484
6420
5257
4503
5514
11014
8550
2202
9111
2192
11362
6637
6315
11262
6355
9333
2143
5437
12068
8727
4823
3530
10591
6134
11517
2635
2673
106
6223
3027
2692
682
125
5609
10197
5822
11473
3208
9500
5831
1211
2373
4617
8164
11737
264
3244
7723
10843
10237
11743
8882
5839
8487
2047
8686
11588
677
1021
767
8280
8134
6447
10359
10534
10778
4371
11922
5131
1338
1055
7730
8802
12040
2939
1949
8136
7620
11469
11294
145
11963
3222
6825
6952
9567
8114
1773
6424
9284
63
4267
4612
913
5540
6577
5821
2461
2984
10919
3335
510
1844
4349
7769
10879
615
5658
11558
7967
11207
7572
11866
2459
11545
4526
2892
1627
9107
10592
2293
2053
7564
5125
11976
9496
3691
8036
8491
9297
7165
7057
3379
1378
4396
2127
11308
5450
7633
4113
17
9460
7114
873
3046
9466
1997
7998
11176
4486
9241
5535
9448
2814
656
2560
8812
11185
196
6072
1561
8441
10992
7581
5068
7984
1399
8138
320
11109
33
2421
63
140
7915
9282
7543
108
7832
1599
5679
2806
11554
114
8438
1453
9338
10624
6118
7312
6436
2403
10190
4509
2412
9705
3177
11969
10747
380
11052
4208
7553
4894
4683
6512
5445
11616
3681
3586
10583
10354
11952
10205
4105
929
9751
2868
5276
10562
8442
7241
9280
895
8682
3627
6184
7115
11938
10995
3585
11526
9370
1459
9538
6225
2120
6101
9182
11988
680
7682
6795
8984
1024
3128
5466
4980
4200
4857
2824
1158
6754
415
8460
4362
8696
1861
5053
3735
6657
5462
8460
6590
447
8347
6614
407
7524
9256
2111
6057
10477
5444
6060
4951
5428
6175
4972
11342
7585
4035
1850
10541
2399
5226
1353
4842
5490
539
11258
3439
9965
8411
11632
233
4293
1895
1536
4620
8134
5847
4863
9055
7709
1102
1951
2874
5061
9820
2351
8466
4756
10210
2088
4969
9345
9577
6835
1822
3197
6114
1481
3960
3550
2339
2427
4243
7442
5805
6057
4457
9648
6424
1325
7539
4155
4362
4095
8146
3344
10392
4628
6393
3435
1853
1558
9721
8324
319
10766
